9 
8 
16 
65 
71 
64 
73 
74 
55 
65 
80 
73 
74 
71 
76 
75 
73 
49 
0 
44 
27 
54 
27 
26 
10 
37 
46 
62 
14 
18 
44 
54 
71 
67 
59 
65 
64 
69 
79 
77 
75 
51 
75 
88 
81 
71 
64 
73 
52 
28 
72 
74 
70 
80 
40 
58 
71 
67 
53 
48 
38 
25 
15 
2 
0 
0 
0 
0 
0 
24 
12 
13 
26 
55 
55 
56 
57 
57 
56 
57 
57 
38 
25 
28 
34 
27 
29 
38 
44 
43 
48 
52 
42 
51 
53 
51 
50 
52 
57 
50 
44 
48 
77 
54 
60 
57 
56 
56 
57 
58 
86 
68 
67 
54 
55 
53 
55 
54 
53 
55 
56 
56 
63 
54 
55 
55 
58 
78 
54 
55 
54 
55 
54 
69 
55 
54 
55 
72 
56 
53 
55 
65 
55 
55 
55 
55 
54 
55 
56 
66 
69 
72 
65 
65 
73 
86 
76 
91 
78 
77 
79 
74 
70 
71 
85 
76 
79 
78 
57 
55 
48 
46 
62 
54 
59 
63 
52 
63 
49 
17 
9 
30 
59 
52 
58 
56 
52 
57 
71 
63 
53 
51 
56 
63 
63 
78 
64 
55 
58 
75 
75 
68 
73 
64 
64 
52 
54 
58 
49 
51 
49 
50 
49 
49 
55 
57 
61 
49 
50 
50 
54 
54 
51 
50 
51 
50 
54 
59 
65 
52 
65 
56 
52 
57 
51 
51 
52 
52 
61 
66 
56 
51 
62 
51 
63 
55 
68 
72 
80 
64 
61 
68 
64 
64 
56 
54 
67 
55 
70 
98 
105 
93 
96 
49 
54 
53 
55 
53 
49 
54 
55 
67 
63 
58 
63 
61 
66 
69 
72 
70 
64 
79 
68 
64 
65 
58 
27 
48 
44 
41 
44 
54 
52 
47 
54 
49 