60
0
0
0
0
0
0
4
17
15
42
78
0
0
43
29
18
19
21
34
52
60
23
15
22
0
44
34
34
26
17
11
31
14
18
26
0
20
0
11
22
20
19
0
0
0
0
0
0
10
40
21
23
71
31
52
12
0
21
37
61
27
10
0
0
53
27
12
61
61
28
15
22
10
87
25
22
10
71
0
34
16
20
32
42
24
26
25
0
0
0
0
0
0
0
0
0
0
0
0
42
0
0
0
0
0
0
0
0
0
0
0
17
0
0
21
0
0
0
0
0
0
0
0
0
0
0
0
0
0
0
0
0
92
60
0
0
0
0
0
0
0
0
0
0
0
0
0
0
0
0
0
0
0
0
0
0
0
0
0
0
0
0
31
32
0
60
0
0
0
0
0
0
0
15
0
0
0
0
0
0
0
0
0
25
40
30
0
17
58
43
70
20
0
0
0
0
0
0
0
0
0
34
30
10
0
10
0
0
0
0
0
0
0
0
0
0
0
0
0
0
0
0
0
0
0
0
0
0
0
0
0
0
0
0
0
0
0
0
0
0
21
0
0
0
0
0
0
40
11
80
0
41
91
36
23
66
57
53
47
39
37
60
50
42
46
38
48
51
59
42
24
0
22
32
0
84
92
41
0
0
23
0
41
21
58
70
0
0
0
11
30
0
10
20
44
12
54
70
0
0
0
0
0
0
0
4
52
0
24
87
15
66
85
26
65
9
6
14
63
94
34
75
64
53
42
43
25
45
53
73
75
24
21
34
22
61
61